playDate,taiNo,bonusCount,rate,ballOutput
20161001,683,4,394,-26000
20161001,684,5,225,-7000
20161001,685,7,193,-4000
20161001,686,0,0,-10000
20161001,687,1,999,-19000
20161001,688,4,292,-11000
20161001,689,9,204,-9000
20161001,690,4,319,-12000
20161001,691,2,642,-20000
20161001,692,26,81,31500
20161001,693,17,76,14000
20161001,694,3,479,-15000
20161001,695,0,0,-21000
20161001,696,58,70,70000
20161002,683,3,444,-15000
20161002,684,4,232,-9000
20161002,685,3,382,-10000
20161002,686,11,123,8000
20161002,687,38,88,41000
20161002,688,4,207,-3000
20161002,689,19,122,6000
20161002,690,1,869,-12000
20161002,691,21,95,20000
20161002,692,11,122,6000
20161002,693,10,151,-7000
20161002,694,0,0,-25000
20161002,695,6,348,-18000
20161002,696,5,248,-9000
20161003,683,1,569,-8000
20161003,684,17,184,0
20161003,685,0,0,-8000
20161003,686,2,465,-10000
20161003,687,0,0,-19000
20161003,688,7,158,-2000
20161003,689,18,159,6000
20161003,690,26,101,20000
20161003,691,17,98,11000
20161003,692,6,236,-8000
20161003,693,2,344,-7000
20161003,694,21,154,5000
20161003,695,8,184,-5000
20161003,696,3,519,-20000
20161004,683,0,0,-15000
20161004,684,17,162,3000
20161004,685,8,129,0
20161004,686,26,123,9000
20161004,687,0,0,-4000
20161004,688,0,0,-14000
20161004,689,23,167,7000
20161004,690,16,139,5000
20161004,691,13,113,10000
20161004,692,15,158,0
20161004,693,21,101,20000
20161004,694,12,297,-20000
20161004,695,7,125,0
20161004,696,12,179,-9000
