ballOutput,bonusCount,playDate,rate,taiNo,
0,5,20160908,147,532,
-14000,5,20160909,316,532,
-3000,9,20160902,171,532,
12000,21,20160901,99,532,
6000,11,20160830,83,532,
-5000,11,20160903,162,532,
-13000,13,20160905,174,532,
-8000,0,20160826,0,532,
16000,23,20160906,102,532,
5000,14,20160829,122,532,
-4000,6,20160828,166,532,
-18000,11,20160907,239,532,
-18000,9,20160904,249,532,
-7000,0,20160827,0,532,
19000,20,20160831,80,532,
1000,18,20160829,127,536,
-12000,6,20160823,308,536,
-1700,18,20160825,130,536,
-5000,11,20160828,183,536,
-10000,3,20160827,475,536,
-24000,3,20160901,567,536,
-2000,17,20160831,156,536,
-10000,18,20160902,162,536,
2500,9,20160824,113,536,
-18000,8,20160903,256,536,
9000,32,20160908,120,536,
-15000,6,20160909,367,536,
-4000,17,20160905,168,536,
-20000,8,20160907,342,536,
24000,30,20160904,126,536,
1000,7,20160826,152,536,
10000,25,20160906,143,536,
12000,26,20160826,145,537,
-4000,10,20160905,186,537,
-6000,0,20160828,0,537,
21000,34,20160824,111,537,
8000,20,20160901,115,537,
0,18,20160827,156,537,
-8000,0,20160907,0,537,
20000,29,20160829,85,537,
-2000,0,20160904,0,537,
-18000,7,20160831,291,537,
9000,24,20160902,114,537,
13000,11,20160906,109,537,
16000,27,20160903,94,537,
-8000,3,20160908,290,537,
-5000,9,20160823,181,537,
35000,32,20160909,84,537,
-6000,11,20160825,274,537,
-2500,17,20160830,155,537,
-15000,8,20160909,256,542,
11000,26,20160908,132,542,
0,17,20160825,133,542,
7000,24,20160828,121,542,
-10000,4,20160907,302,542,
-1000,16,20160823,144,542,
-12000,3,20160831,474,542,
-20000,12,20160830,205,542,
-30000,5,20160904,437,542,
38000,37,20160905,81,542,
20000,27,20160902,97,542,
13000,24,20160829,92,542,
11000,23,20160824,85,542,
-29000,5,20160904,437,542,
-1000,13,20160903,156,542,
-15000,6,20160901,302,542,
-10000,7,20160826,244,542,
-10000,5,20160827,368,542,
-10000,8,20160823,240,556,
-18000,10,20160906,263,556,
-20000,6,20160903,271,556,
-20000,13,20160901,247,556,
-12000,3,20160826,552,556,
-2000,14,20160905,155,556,
-8000,20,20160829,157,556,
10000,20,20160902,119,556,
-12000,6,20160825,243,556,
-1000,10,20160907,189,556,
-18000,3,20160827,473,556,
11000,25,20160824,98,556,
2000,17,20160908,116,556,
-22000,6,20160904,401,556,
12000,33,20160831,115,556,
-2500,13,20160830,139,556,
-12000,13,20160909,205,556,
-5000,13,20160828,164,556,
-7000,14,20160905,171,557,
-12000,0,20160906,0,557,
8000,19,20160909,129,557,
-5000,5,20160908,208,557,
-8000,4,20160907,254,557,
-8500,3,20160904,329,557,
4000,14,20160903,121,557,
-11000,3,20160910,389,557,
-13000,5,20160905,300,558,
-3000,9,20160910,166,558,
-10000,0,20160908,0,558,
-4000,10,20160906,162,558,
-13000,0,20160909,0,558,
23000,17,20160907,74,558,
1000,9,20160903,150,558,
-4000,5,20160904,189,558,
-1000,23,20160909,159,559,
-9000,2,20160907,438,559,
-2000,8,20160910,184,559,
-9000,2,20160902,426,559,
-8000,2,20160908,301,559,
-8000,1,20160904,665,559,
21000,21,20160903,89,559,
-4000,0,20160906,0,559,
-8000,1,20160905,699,559,
-10000,5,20160905,261,560,
23000,28,20160906,91,560,
-26000,1,20160910,999,560,
-7000,2,20160909,372,560,
9000,11,20160904,115,560,
36000,33,20160903,74,560,
9500,13,20160908,122,560,
-12000,1,20160907,866,560,
-2000,5,20160910,190,561,
13000,17,20160908,110,561,
-21000,3,20160909,685,561,
-4000,0,20160907,0,561,
0,6,20160903,134,561,
-9000,2,20160904,407,561,
-1000,0,20160906,0,561,
3000,8,20160905,116,561,
-6000,3,20160907,236,562,
-4000,0,20160908,0,562,
-8000,0,20160909,0,562,
17000,17,20160903,95,562,
-22000,1,20160910,999,562,
-6000,0,20160905,0,562,
-16000,0,20160904,0,562,
-7000,1,20160906,529,562,
5000,21,20160909,171,563,
-4000,15,20160904,158,563,
80000,58,20160905,71,563,
-33000,3,20160907,991,563,
-12000,15,20160906,231,563,
-18000,7,20160903,313,563,
16000,29,20160908,132,563,
-13000,3,20160910,426,563,
0,18,20160909,174,564,
-14000,13,20160904,213,564,
36000,37,20160905,95,564,
-26000,5,20160906,557,564,
33000,39,20160910,103,564,
-17000,9,20160903,255,564,
35500,44,20160907,98,564,
-2500,13,20160902,144,564,
-8000,15,20160908,206,564,
-10000,5,20160904,265,565,
3500,10,20160907,87,565,
-4000,0,20160902,0,565,
-3000,10,20160909,170,565,
-6000,14,20160903,145,565,
-3500,1,20160910,317,565,
-2500,0,20160908,0,565,
-250,0,20160906,0,565,
-4000,0,20160905,0,565,
-3500,13,20160909,142,566,
-10000,12,20160905,251,566,
-3500,10,20160908,147,566,
12000,25,20160907,140,566,
-10000,5,20160903,261,566,
-12000,2,20160910,555,566,
-10000,2,20160904,437,566,
4000,22,20160906,166,566,
-4000,18,20160902,164,566,
-10000,0,20160905,0,567,
8000,13,20160903,114,567,
-7000,6,20160904,252,567,
-2500,1,20160910,311,567,
15000,23,20160909,128,567,
-250,0,20160907,0,567,
-12000,0,20160902,0,567,
-21000,5,20160908,457,567,
-250,0,20160906,0,567,
-10000,6,20160906,249,568,
-5000,6,20160910,206,568,
-10000,2,20160905,433,568,
-3000,12,20160909,185,568,
-10000,9,20160904,211,568,
-30000,1,20160903,999,568,
-11000,1,20160907,887,568,
-5000,2,20160902,358,568,
10000,17,20160908,120,568,
-10000,9,20160909,246,569,
-6500,10,20160902,195,569,
0,5,20160907,170,569,
6000,13,20160904,127,569,
-11000,1,20160906,834,569,
-14000,1,20160903,964,569,
6000,18,20160905,131,569,
8000,21,20160910,163,569,
-12000,0,20160908,0,569,
-12000,4,20160908,323,570,
-16000,6,20160902,296,570,
-2000,1,20160905,308,570,
-10000,20,20160904,105,570,
-24000,1,20160907,999,570,
-6000,5,20160906,247,570,
-13000,6,20160910,295,570,
-18000,2,20160903,666,570,
-26000,2,20160909,890,570,
-3500,0,20160910,0,571,
-10000,9,20160905,222,571,
-18000,4,20160909,382,571,
15000,16,20160908,97,571,
-5000,10,20160903,191,571,
5500,17,20160907,125,571,
-3000,13,20160904,167,571,
0,10,20160906,135,571,
-20000,14,20160909,525,572,
-7000,4,20160903,197,572,
-9000,0,20160908,0,572,
-13000,6,20160905,279,572,
-11000,0,20160904,0,572,
-2000,0,20160907,0,572,
3000,11,20160906,128,572,
2000,19,20160910,186,572,
7000,15,20160909,148,573,
-9000,16,20160907,198,573,
-10000,5,20160904,250,573,
-11000,7,20160910,248,573,
-8000,1,20160903,569,573,
22000,31,20160908,119,573,
-4500,1,20160906,445,573,
-28000,2,20160905,982,573,
0,0,20160908,0,574,
27000,26,20160903,81,574,
26000,23,20160906,70,574,
-1000,0,20160907,0,574,
3000,8,20160904,149,574,
-20000,6,20160909,334,574,
-9000,0,20160905,0,574,
10000,20,20160910,113,574,
-20000,2,20160909,643,575,
-3000,0,20160906,0,575,
-5000,2,20160910,366,575,
6000,9,20160908,141,575,
-11000,0,20160907,0,575,
5000,10,20160904,128,575,
5000,19,20160905,141,575,
-6000,9,20160903,189,575,
0,0,20160906,0,576,
4000,8,20160903,122,576,
9000,20,20160904,103,576,
10000,25,20160909,140,576,
-2000,4,20160905,197,576,
-4000,10,20160910,173,576,
-1000,13,20160908,153,576,
-19000,2,20160907,664,576,
-8000,7,20160910,209,577,
24000,21,20160906,86,577,
2000,7,20160907,152,577,
11000,17,20160909,111,577,
-11000,4,20160908,327,577,
-3000,9,20160905,162,577,
-5000,1,20160904,438,577,
-17000,7,20160903,296,577,
-3000,0,20160907,0,578,
-1000,0,20160908,0,578,
15000,26,20160910,105,578,
-42000,2,20160903,999,578,
-13000,12,20160909,267,578,
38000,35,20160904,84,578,
3000,9,20160905,98,578,
4000,8,20160906,76,578,
-13000,3,20160904,466,579,
4000,14,20160909,159,579,
7000,19,20160905,153,579,
34000,37,20160908,105,579,
-1000,18,20160906,198,579,
18000,20,20160910,89,579,
-8000,15,20160903,195,579,
36000,43,20160907,76,579,
-1000,0,20160907,0,580,
0,9,20160910,152,580,
-8000,2,20160904,374,580,
-8000,0,20160903,0,580,
12000,24,20160906,151,580,
12000,11,20160908,84,580,
14000,24,20160909,124,580,
43000,39,20160905,89,580,
-18000,0,20160904,0,581,
-9000,1,20160905,667,581,
-4000,0,20160906,0,581,
13000,18,20160903,113,581,
0,4,20160907,172,581,
17000,19,20160909,93,581,
-2000,6,20160910,153,581,
10000,0,20160908,0,581,
-5000,13,20160905,172,582,
-15000,4,20160908,364,582,
-7000,0,20160904,0,582,
7000,7,20160903,115,582,
-12000,3,20160907,378,582,
-17000,5,20160910,315,582,
12000,14,20160906,105,582,
10000,15,20160909,112,582,
-5000,6,20160908,196,583,
-3000,1,20160906,384,583,
-8000,1,20160907,574,583,
2000,16,20160904,148,583,
-21000,0,20160903,0,583,
-3000,7,20160910,169,583,
9000,11,20160905,105,583,
27000,33,20160909,117,583,
-7000,7,20160909,148,584,
16000,20,20160907,119,584,
-11000,1,20160906,788,584,
16000,23,20160903,119,584,
18000,22,20160905,101,584,
-7000,3,20160908,231,584,
10000,18,20160910,128,584,
14000,14,20160904,95,584,
20000,29,20160901,86,690,
1000,19,20160909,144,690,
32000,28,20160910,71,690,
-10000,0,20160904,0,690,
-8000,2,20160830,427,690,
-10000,1,20160907,688,690,
-3700,0,20160902,0,690,
-20000,0,20160908,0,690,
31000,31,20160903,68,690,
-10000,1,20160905,729,690,
4500,19,20160831,127,690,
-4000,3,20160906,234,690,
-4000,0,20160906,0,691,
-5000,14,20160830,181,691,
12000,13,20160907,109,691,
-4000,4,20160831,262,691,
30000,26,20160904,82,691,
-14000,0,20160903,0,691,
8000,9,20160910,119,691,
-4000,0,20160908,0,691,
-7000,2,20160901,475,691,
-4000,0,20160905,0,691,
-15000,1,20160902,1061,691,
-1000,0,20160909,0,691,
6000,10,20160901,91,692,
-11000,0,20160906,0,692,
-14000,1,20160907,911,692,
17000,28,20160909,131,692,
-8000,0,20160905,0,692,
18000,23,20160908,109,692,
32000,30,20160903,67,692,
14000,17,20160910,105,692,
10000,16,20160831,102,692,
-3000,0,20160904,0,692,
-4000,0,20160902,0,692,
-5000,3,20160830,297,692,
-5000,10,20160901,189,693,
2500,13,20160905,135,693,
-1000,6,20160906,128,693,
-9000,1,20160910,659,693,
2000,6,20160908,127,693,
-7500,0,20160902,0,693,
42000,36,20160907,79,693,
-2000,0,20160909,0,693,
2500,9,20160903,113,693,
-3000,1,20160904,383,693,
22000,23,20160904,108,694,
-16000,0,20160831,0,694,
-7000,6,20160909,209,694,
-7000,2,20160910,273,694,
-8000,0,20160908,0,694,
-15000,2,20160830,735,694,
15000,19,20160903,133,694,
-2000,4,20160902,160,694,
0,1,20160906,184,694,
-3000,0,20160905,0,694,
-2000,9,20160901,171,694,
-2000,0,20160907,0,694,
-12000,2,20160905,527,695,
-18000,0,20160902,0,695,
-5590,0,20160908,0,695,
4000,11,20160907,133,695,
2000,5,20160901,100,695,
-3000,12,20160906,166,695,
5000,8,20160903,113,695,
-13000,7,20160910,221,695,
-7500,0,20160831,0,695,
-7000,0,20160830,0,695,
-18000,10,20160909,328,695,
-2000,1,20160904,360,695,
-6500,10,20160903,186,696,
21000,23,20160901,94,696,
-15000,8,20160907,246,696,
-13000,8,20160831,225,696,
-4000,0,20160906,0,696,
-4000,7,20160904,188,696,
-10000,4,20160905,284,696,
-18000,3,20160910,528,696,
-8000,1,20160830,930,696,
-15000,0,20160902,0,696,
-10000,11,20160909,217,696,
14000,17,20160908,109,696,
